51, 2
52, 2
53, 3
54, 3
55, 3
56, 3
57, 3
58, 3
59, 3
60, 3
61, 3
62, 3
63, 3
64, 3
65, 3
66, 3
67, 3
68, 3
69, 3
70, 4
71, 4
72, 4
73, 4
74, 4
75, 4
76, 4
77, 4
78, 4
79, 4
80, 4
81, 4
82, 4
83, 4
84, 4
85, 4
86, 4
87, 4
88, 5
89, 5
90, 5
91, 5
92, 5
93, 5
94, 5
95, 5
96, 5
97, 5
98, 5
99, 5
100, 5
101, 5
102, 5
103, 5
104, 5
105, 5
106, 6
107, 6
108, 6
109, 6
110, 6
111, 6
112, 6
113, 6
114, 6
115, 6
116, 6
117, 6
118, 6
119, 6
120, 6
121, 6
122, 6
123, 7
124, 7
125, 7
126, 7
127, 7
128, 7
129, 7
130, 7
131, 7
132, 7
133, 7
134, 7
135, 7
136, 7
137, 7
138, 7
139, 7
140, 7
141, 8
142, 8
143, 8
144, 8
145, 8
146, 8
147, 8
148, 8
149, 8
150, 8
151, 8
152, 8
153, 8
154, 8
155, 8
156, 8
157, 8
158, 8
159, 9
160, 9
161, 9
162, 9
163, 9
164, 9
165, 9
166, 9
167, 9
168, 9
169, 9
170, 9
171, 9
172, 9
173, 9
174, 9
175, 9
176, 9
177, 10
178, 10
179, 10
180, 10
181, 10
182, 10
183, 10
184, 10
185, 10
186, 10
187, 10
188, 10
189, 10
190, 10
191, 10
192, 10
193, 10
194, 10
195, 11
196, 11
197, 11
198, 11
199, 11
200, 11
201, 11
202, 11
203, 11
204, 11
205, 11
206, 11
207, 11
208, 11
209, 11
210, 11
211, 11
212, 11
213, 12
214, 12
215, 12
216, 12
217, 12
218, 12
219, 12
220, 12
221, 12
222, 12
223, 12
224, 12
225, 12
226, 12
227, 12
228, 12
229, 12
230, 12
231, 13
232, 13
233, 13
234, 13
235, 13
236, 13
237, 13
238, 13
239, 13
240, 13
241, 13
242, 13
243, 13
244, 13
245, 13
246, 13
247, 13
248, 13
249, 13
250, 14
251, 14
252, 14
253, 14
254, 14
255, 14
256, 14
257, 14
258, 14
259, 14
260, 14
261, 14
262, 14
263, 14
264, 14
265, 14
266, 14
267, 14
268, 15
269, 15
270, 15
271, 15
272, 15
273, 15
274, 15
275, 15
276, 15
277, 15
278, 15
279, 15
280, 15
281, 15
282, 15
283, 15
284, 15
285, 15
286, 15
287, 16
288, 16
289, 16
290, 16
291, 16
292, 16
293, 16
294, 16
295, 16
296, 16
297, 16
298, 16
299, 16
300, 16
301, 16
302, 16
303, 16
304, 16
305, 16
306, 17
307, 17
308, 17
309, 17
310, 17
311, 17
312, 17
313, 17
314, 17
315, 17
316, 17
317, 17
318, 17
319, 17
320, 17
321, 17
322, 17
323, 17
324, 17
325, 18
326, 18
327, 18
328, 18
329, 18
330, 18
331, 18
332, 18
333, 18
334, 18
335, 18
336, 18
337, 18
338, 18
339, 18
340, 18
341, 18
342, 18
343, 18
344, 18
345, 19
346, 19
347, 19
348, 19
349, 19
350, 19
351, 19
352, 19
353, 19
354, 19
355, 19
356, 19
357, 19
358, 19
359, 19
360, 19
361, 19
362, 19
363, 19
364, 20
365, 20
366, 20
367, 20
368, 20
369, 20
370, 20
371, 20
372, 20
373, 20
374, 20
375, 20
376, 20
377, 20
378, 20
379, 20
380, 20
381, 20
382, 20
383, 20
384, 21
385, 21
386, 21
387, 21
388, 21
389, 21
390, 21
391, 21
392, 21
393, 21
394, 21
395, 21
396, 21
397, 21
398, 21
399, 21
400, 21
401, 21
402, 21
403, 21
404, 21
405, 22
406, 22
407, 22
408, 22
409, 22
410, 22
411, 22
412, 22
413, 22
414, 22
415, 22
416, 22
417, 22
418, 22
419, 22
420, 22
421, 22
422, 22
423, 22
424, 22
425, 23
426, 23
427, 23
428, 23
429, 23
430, 23
431, 23
432, 23
433, 23
434, 23
435, 23
436, 23
437, 23
438, 23
439, 23
440, 23
441, 23
442, 23
443, 23
444, 23
445, 23
446, 24
447, 24
448, 24
449, 24
450, 24
451, 24
452, 24
453, 24
454, 24
455, 24
456, 24
457, 24
458, 24
459, 24
460, 24
461, 24
462, 24
463, 24
464, 24
465, 24
466, 24
467, 25
468, 25
469, 25
470, 25
471, 25
472, 25
473, 25
474, 25
475, 25
476, 25
477, 25
478, 25
479, 25
480, 25
481, 25
482, 25
483, 25
484, 25
485, 25
486, 25
487, 25
488, 26
489, 26
490, 26
491, 26
492, 26
493, 26
494, 26
495, 26
496, 26
497, 26
498, 26
499, 26
500, 26
501, 26
502, 26
503, 26
504, 26
505, 26
506, 26
507, 26
508, 26
509, 26
510, 27
511, 27
512, 27
513, 27
514, 27
515, 27
516, 27
517, 27
518, 27
519, 27
520, 27
521, 27
522, 27
523, 27
524, 27
525, 27
526, 27
527, 27
528, 27
529, 27
530, 27
531, 27
532, 28
533, 28
534, 28
535, 28
536, 28
537, 28
538, 28
539, 28
540, 28
541, 28
542, 28
543, 28
544, 28
545, 28
546, 28
547, 28
548, 28
549, 28
550, 28
551, 28
552, 28
553, 28
554, 28
555, 29
556, 29
557, 29
558, 29
559, 29
560, 29
561, 29
562, 29
563, 29
564, 29
565, 29
566, 29
567, 29
568, 29
569, 29
570, 29
571, 29
572, 29
573, 29
574, 29
575, 29
576, 29
577, 29
578, 30
579, 30
580, 30
581, 30
582, 30
583, 30
584, 30
585, 30
586, 30
587, 30
588, 30
589, 30
590, 30
591, 30
592, 30
593, 30
594, 30
595, 30
596, 30
597, 30
598, 30
599, 30
600, 30
601, 31
602, 31
603, 31
604, 31
605, 31
606, 31
607, 31
608, 31
609, 31
610, 31
611, 31
612, 31
613, 31
614, 31
615, 31
616, 31
617, 31
618, 31
619, 31
620, 31
621, 31
622, 31
623, 31
624, 31
625, 32
626, 32
627, 32
628, 32
629, 32
630, 32
631, 32
632, 32
633, 32
634, 32
635, 32
636, 32
637, 32
638, 32
639, 32
640, 32
641, 32
642, 32
643, 32
644, 32
645, 32
646, 32
647, 32
648, 32
649, 32
650, 33
651, 33
652, 33
653, 33
654, 33
655, 33
656, 33
657, 33
658, 33
659, 33
660, 33
661, 33
662, 33
663, 33
664, 33
665, 33
666, 33
667, 33
668, 33
669, 33
670, 33
671, 33
672, 33
673, 33
674, 33
675, 34
676, 34
677, 34
678, 34
679, 34
680, 34
681, 34
682, 34
683, 34
684, 34
685, 34
686, 34
687, 34
688, 34
689, 34
690, 34
691, 34
692, 34
693, 34
694, 34
695, 34
696, 34
697, 34
698, 34
699, 34
700, 34
701, 35
702, 35
703, 35
704, 35
705, 35
706, 35
707, 35
708, 35
709, 35
710, 35
711, 35
712, 35
713, 35
714, 35
715, 35
716, 35
717, 35
718, 35
719, 35
720, 35
721, 35
722, 35
723, 35
724, 35
725, 35
726, 35
727, 36
728, 36
729, 36
730, 36
731, 36
732, 36
733, 36
734, 36
735, 36
736, 36
737, 36
738, 36
739, 36
740, 36
741, 36
742, 36
743, 36
744, 36
745, 36
746, 36
747, 36
748, 36
749, 36
750, 36
751, 36
752, 36
753, 36
754, 37
755, 37
756, 37
757, 37
758, 37
759, 37
760, 37
761, 37
762, 37
763, 37
764, 37
765, 37
766, 37
767, 37
768, 37
769, 37
770, 37
771, 37
772, 37
773, 37
774, 37
775, 37
776, 37
777, 37
778, 37
779, 37
780, 37
781, 37
782, 38
783, 38
784, 38
785, 38
786, 38
787, 38
788, 38
789, 38
790, 38
791, 38
792, 38
793, 38
794, 38
795, 38
796, 38
797, 38
798, 38
799, 38
800, 38
801, 38
802, 38
803, 38
804, 38
805, 38
806, 38
807, 38
808, 38
809, 38
810, 39
811, 39
812, 39
813, 39
814, 39
815, 39
816, 39
817, 39
818, 39
819, 39
820, 39
821, 39
822, 39
823, 39
824, 39
825, 39
826, 39
827, 39
828, 39
829, 39
830, 39
831, 39
832, 39
833, 39
834, 39
835, 39
836, 39
837, 39
838, 39
839, 39
840, 40
841, 40
842, 40
843, 40
844, 40
845, 40
846, 40
847, 40
848, 40
849, 40
850, 40
851, 40
852, 40
853, 40
854, 40
855, 40
856, 40
857, 40
858, 40
859, 40
860, 40
861, 40
862, 40
863, 40
864, 40
865, 40
866, 40
867, 40
868, 40
869, 40
870, 41
871, 41
872, 41
873, 41
874, 41
875, 41
876, 41
877, 41
878, 41
879, 41
880, 41
881, 41
882, 41
883, 41
884, 41
885, 41
886, 41
887, 41
888, 41
889, 41
890, 41
891, 41
892, 41
893, 41
894, 41
895, 41
896, 41
897, 41
898, 41
899, 41
900, 41
901, 42
902, 42
903, 42
904, 42
905, 42
906, 42
907, 42
908, 42
909, 42
910, 42
911, 42
912, 42
913, 42
914, 42
915, 42
916, 42
917, 42
918, 42
919, 42
920, 42
921, 42
922, 42
923, 42
924, 42
925, 42
926, 42
927, 42
928, 42
929, 42
930, 42
931, 42
932, 42
933, 43
934, 43
935, 43
936, 43
937, 43
938, 43
939, 43
940, 43
941, 43
942, 43
943, 43
944, 43
945, 43
946, 43
947, 43
948, 43
949, 43
950, 43
951, 43
952, 43
953, 43
954, 43
955, 43
956, 43
957, 43
958, 43
959, 43
960, 43
961, 43
962, 43
963, 43
964, 43
965, 43
966, 44
967, 44
968, 44
969, 44
970, 44
971, 44
972, 44
973, 44
974, 44
975, 44
976, 44
977, 44
978, 44
979, 44
980, 44
981, 44
982, 44
983, 44
984, 44
985, 44
986, 44
987, 44
988, 44
989, 44
990, 44
991, 44
992, 44
993, 44
994, 44
995, 44
996, 44
997, 44
998, 44
999, 44
1000, 45
1001, 45
1002, 45
1003, 45
1004, 45
1005, 45
1006, 45
1007, 45
1008, 45
1009, 45
1010, 45
1011, 45
1012, 45
1013, 45
1014, 45
1015, 45
1016, 45
1017, 45
1018, 45
1019, 45
1020, 45
1021, 45
1022, 45
1023, 45
1024, 45
1025, 45
1026, 45
1027, 45
1028, 45
1029, 45
1030, 45
1031, 45
1032, 45
1033, 45
1034, 45
1035, 45
1036, 46
1037, 46
1038, 46
1039, 46
1040, 46
1041, 46
1042, 46
1043, 46
1044, 46
1045, 46
1046, 46
1047, 46
1048, 46
1049, 46
1050, 46
1051, 46
1052, 46
1053, 46
1054, 46
1055, 46
1056, 46
1057, 46
1058, 46
1059, 46
1060, 46
1061, 46
1062, 46
1063, 46
1064, 46
1065, 46
1066, 46
1067, 46
1068, 46
1069, 46
1070, 46
1071, 46
1072, 46
1073, 47
1074, 47
1075, 47
1076, 47
1077, 47
1078, 47
1079, 47
1080, 47
1081, 47
1082, 47
1083, 47
1084, 47
1085, 47
1086, 47
1087, 47
1088, 47
1089, 47
1090, 47
1091, 47
1092, 47
1093, 47
1094, 47
1095, 47
1096, 47
1097, 47
1098, 47
1099, 47
1100, 47
1101, 47
1102, 47
1103, 47
1104, 47
1105, 47
1106, 47
1107, 47
1108, 47
1109, 47
1110, 47
1111, 48
1112, 48
1113, 48
1114, 48
1115, 48
1116, 48
1117, 48
1118, 48
1119, 48
1120, 48
1121, 48
1122, 48
1123, 48
1124, 48
1125, 48
1126, 48
1127, 48
1128, 48
1129, 48
1130, 48
1131, 48
1132, 48
1133, 48
1134, 48
1135, 48
1136, 48
1137, 48
1138, 48
1139, 48
1140, 48
1141, 48
1142, 48
1143, 48
1144, 48
1145, 48
1146, 48
1147, 48
1148, 48
1149, 48
1150, 48
1151, 49
1152, 49
1153, 49
1154, 49
1155, 49
1156, 49
1157, 49
1158, 49
1159, 49
1160, 49
1161, 49
1162, 49
1163, 49
1164, 49
1165, 49
1166, 49
1167, 49
1168, 49
1169, 49
1170, 49
1171, 49
1172, 49
1173, 49
1174, 49
1175, 49
1176, 49
1177, 49
1178, 49
1179, 49
1180, 49
1181, 49
1182, 49
1183, 49
1184, 49
1185, 49
1186, 49
1187, 49
1188, 49
1189, 49
1190, 49
1191, 49
1192, 50
1193, 50
1194, 50
1195, 50
1196, 50
1197, 50
1198, 50
1199, 50
1200, 50
1201, 50
1202, 50
1203, 50
1204, 50
1205, 50
1206, 50
1207, 50
1208, 50
1209, 50
1210, 50
1211, 50
1212, 50
1213, 50
1214, 50
1215, 50
1216, 50
1217, 50
1218, 50
1219, 50
1220, 50
1221, 50
1222, 50
1223, 50
1224, 50
1225, 50
1226, 50
1227, 50
1228, 50
1229, 50
1230, 50
1231, 50
1232, 50
1233, 50
1234, 50
1235, 51
1236, 51
1237, 51
1238, 51
1239, 51
1240, 51
1241, 51
1242, 51
1243, 51
1244, 51
1245, 51
1246, 51
1247, 51
1248, 51
1249, 51
1250, 51
1251, 51
1252, 51
1253, 51
1254, 51
1255, 51
1256, 51
1257, 51
1258, 51
1259, 51
1260, 51
1261, 51
1262, 51
1263, 51
1264, 51
1265, 51
1266, 51
1267, 51
1268, 51
1269, 51
1270, 51
1271, 51
1272, 51
1273, 51
1274, 51
1275, 51
1276, 51
1277, 51
1278, 51
1279, 51
1280, 52
1281, 52
1282, 52
1283, 52
1284, 52
1285, 52
1286, 52
1287, 52
1288, 52
1289, 52
1290, 52
1291, 52
1292, 52
1293, 52
1294, 52
1295, 52
1296, 52
1297, 52
1298, 52
1299, 52
1300, 52
1301, 52
1302, 52
1303, 52
1304, 52
1305, 52
1306, 52
1307, 52
1308, 52
1309, 52
1310, 52
1311, 52
1312, 52
1313, 52
1314, 52
1315, 52
1316, 52
1317, 52
1318, 52
1319, 52
1320, 52
1321, 52
1322, 52
1323, 52
1324, 52
1325, 52
1326, 52
1327, 52
1328, 53
1329, 53
1330, 53
1331, 53
1332, 53
1333, 53
1334, 53
1335, 53
1336, 53
1337, 53
1338, 53
1339, 53
1340, 53
1341, 53
1342, 53
1343, 53
1344, 53
1345, 53
1346, 53
1347, 53
1348, 53
1349, 53
1350, 53
1351, 53
1352, 53
1353, 53
1354, 53
1355, 53
1356, 53
1357, 53
1358, 53
1359, 53
1360, 53
1361, 53
1362, 53
1363, 53
1364, 53
1365, 53
1366, 53
1367, 53
1368, 53
1369, 53
1370, 53
1371, 53
1372, 53
1373, 53
1374, 53
1375, 53
1376, 53
1377, 54
1378, 54
1379, 54
1380, 54
1381, 54
1382, 54
1383, 54
1384, 54
1385, 54
1386, 54
1387, 54
1388, 54
1389, 54
1390, 54
1391, 54
1392, 54
1393, 54
1394, 54
1395, 54
1396, 54
1397, 54
1398, 54
1399, 54
1400, 54
1401, 54
1402, 54
1403, 54
1404, 54
1405, 54
1406, 54
1407, 54
1408, 54
1409, 54
1410, 54
1411, 54
1412, 54
1413, 54
1414, 54
1415, 54
1416, 54
1417, 54
1418, 54
1419, 54
1420, 54
1421, 54
1422, 54
1423, 54
1424, 54
1425, 54
1426, 54
1427, 54
1428, 54
1429, 55
1430, 55
1431, 55
1432, 55
1433, 55
1434, 55
1435, 55
1436, 55
1437, 55
1438, 55
1439, 55
1440, 55
1441, 55
1442, 55
1443, 55
1444, 55
1445, 55
1446, 55
1447, 55
1448, 55
1449, 55
1450, 55
1451, 55
1452, 55
1453, 55
1454, 55
1455, 55
1456, 55
1457, 55
1458, 55
1459, 55
1460, 55
1461, 55
1462, 55
1463, 55
1464, 55
1465, 55
1466, 55
1467, 55
1468, 55
1469, 55
1470, 55
1471, 55
1472, 55
1473, 55
1474, 55
1475, 55
1476, 55
1477, 55
1478, 55
1479, 55
1480, 55
1481, 55
1482, 55
1483, 56
1484, 56
1485, 56
1486, 56
1487, 56
1488, 56
1489, 56
1490, 56
1491, 56
1492, 56
1493, 56
1494, 56
1495, 56
1496, 56
1497, 56
1498, 56
1499, 56
1500, 56
1501, 56
1502, 56
1503, 56
1504, 56
1505, 56
1506, 56
1507, 56
1508, 56
1509, 56
1510, 56
1511, 56
1512, 56
1513, 56
1514, 56
1515, 56
1516, 56
1517, 56
1518, 56
1519, 56
1520, 56
1521, 56
1522, 56
1523, 56
1524, 56
1525, 56
1526, 56
1527, 56
1528, 56
1529, 56
1530, 56
1531, 56
1532, 56
1533, 56
1534, 56
1535, 56
1536, 56
1537, 56
1538, 56
1539, 56
1540, 57
1541, 57
1542, 57
1543, 57
1544, 57
1545, 57
1546, 57
1547, 57
1548, 57
1549, 57
1550, 57
1551, 57
1552, 57
1553, 57
1554, 57
1555, 57
1556, 57
1557, 57
1558, 57
1559, 57
1560, 57
1561, 57
1562, 57
1563, 57
1564, 57
1565, 57
1566, 57
1567, 57
1568, 57
1569, 57
1570, 57
1571, 57
1572, 57
1573, 57
1574, 57
1575, 57
1576, 57
1577, 57
1578, 57
1579, 57
1580, 57
1581, 57
1582, 57
1583, 57
1584, 57
1585, 57
1586, 57
1587, 57
1588, 57
1589, 57
1590, 57
1591, 57
1592, 57
1593, 57
1594, 57
1595, 57
1596, 57
1597, 57
1598, 57
1599, 57
1600, 57
1601, 58
1602, 58
1603, 58
1604, 58
1605, 58
1606, 58
1607, 58
1608, 58
1609, 58
1610, 58
1611, 58
1612, 58
1613, 58
1614, 58
1615, 58
1616, 58
1617, 58
1618, 58
1619, 58
1620, 58
1621, 58
1622, 58
1623, 58
1624, 58
1625, 58
1626, 58
1627, 58
1628, 58
1629, 58
1630, 58
1631, 58
1632, 58
1633, 58
1634, 58
1635, 58
1636, 58
1637, 58
1638, 58
1639, 58
1640, 58
1641, 58
1642, 58
1643, 58
1644, 58
1645, 58
1646, 58
1647, 58
1648, 58
1649, 58
1650, 58
1651, 58
1652, 58
1653, 58
1654, 58
1655, 58
1656, 58
1657, 58
1658, 58
1659, 58
1660, 58
1661, 58
1662, 58
1663, 58
1664, 58
1665, 59
1666, 59
1667, 59
1668, 59
1669, 59
1670, 59
1671, 59
1672, 59
1673, 59
1674, 59
1675, 59
1676, 59
1677, 59
1678, 59
1679, 59
1680, 59
1681, 59
1682, 59
1683, 59
1684, 59
1685, 59
1686, 59
1687, 59
1688, 59
1689, 59
1690, 59
1691, 59
1692, 59
1693, 59
1694, 59
1695, 59
1696, 59
1697, 59
1698, 59
1699, 59
1700, 59
1701, 59
1702, 59
1703, 59
1704, 59
1705, 59
1706, 59
1707, 59
1708, 59
1709, 59
1710, 59
1711, 59
1712, 59
1713, 59
1714, 59
1715, 59
1716, 59
1717, 59
1718, 59
1719, 59
1720, 59
1721, 59
1722, 59
1723, 59
1724, 59
1725, 59
1726, 59
1727, 59
1728, 59
1729, 59
1730, 59
1731, 59
1732, 59
1733, 60
1734, 60
1735, 60
1736, 60
1737, 60
1738, 60
1739, 60
1740, 60
1741, 60
1742, 60
1743, 60
1744, 60
1745, 60
1746, 60
1747, 60
1748, 60
1749, 60
1750, 60
1751, 60
1752, 60
1753, 60
1754, 60
1755, 60
1756, 60
1757, 60
1758, 60
1759, 60
1760, 60
1761, 60
1762, 60
1763, 60
1764, 60
1765, 60
1766, 60
1767, 60
1768, 60
1769, 60
1770, 60
1771, 60
1772, 60
1773, 60
1774, 60
1775, 60
1776, 60
1777, 60
1778, 60
1779, 60
1780, 60
1781, 60
1782, 60
1783, 60
1784, 60
1785, 60
1786, 60
1787, 60
1788, 60
1789, 60
1790, 60
1791, 60
1792, 60
1793, 60
1794, 60
1795, 60
1796, 60
1797, 60
1798, 60
1799, 60
1800, 60
1801, 60
1802, 60
1803, 60
1804, 60
1805, 61
1806, 61
1807, 61
1808, 61
1809, 61
1810, 61
1811, 61
1812, 61
1813, 61
1814, 61
1815, 61
1816, 61
1817, 61
1818, 61
1819, 61
1820, 61
1821, 61
1822, 61
1823, 61
1824, 61
1825, 61
1826, 61
1827, 61
1828, 61
1829, 61
1830, 61
1831, 61
1832, 61
1833, 61
1834, 61
1835, 61
1836, 61
1837, 61
1838, 61
1839, 61
1840, 61
1841, 61
1842, 61
1843, 61
1844, 61
1845, 61
1846, 61
1847, 61
1848, 61
1849, 61
1850, 61
1851, 61
1852, 61
1853, 61
1854, 61
1855, 61
1856, 61
1857, 61
1858, 61
1859, 61
1860, 61
1861, 61
1862, 61
1863, 61
1864, 61
1865, 61
1866, 61
1867, 61
1868, 61
1869, 61
1870, 61
1871, 61
1872, 61
1873, 61
1874, 61
1875, 61
1876, 61
1877, 61
1878, 61
1879, 61
1880, 61
1881, 62
1882, 62
1883, 62
1884, 62
1885, 62
1886, 62
1887, 62
1888, 62
1889, 62
1890, 62
1891, 62
1892, 62
1893, 62
1894, 62
1895, 62
1896, 62
1897, 62
1898, 62
1899, 62
1900, 62
1901, 62
1902, 62
1903, 62
1904, 62
1905, 62
1906, 62
1907, 62
1908, 62
1909, 62
1910, 62
1911, 62
1912, 62
1913, 62
1914, 62
1915, 62
1916, 62
1917, 62
1918, 62
1919, 62
1920, 62
1921, 62
1922, 62
1923, 62
1924, 62
1925, 62
1926, 62
1927, 62
1928, 62
1929, 62
1930, 62
1931, 62
1932, 62
1933, 62
1934, 62
1935, 62
1936, 62
1937, 62
1938, 62
1939, 62
1940, 62
1941, 62
1942, 62
1943, 62
1944, 62
1945, 62
1946, 62
1947, 62
1948, 62
1949, 62
1950, 62
1951, 62
1952, 62
1953, 62
1954, 62
1955, 62
1956, 62
1957, 62
1958, 62
1959, 62
1960, 62
1961, 62
1962, 62
1963, 63
1964, 63
1965, 63
1966, 63
1967, 63
1968, 63
1969, 63
1970, 63
1971, 63
1972, 63
1973, 63
1974, 63
1975, 63
1976, 63
1977, 63
1978, 63
1979, 63
1980, 63
1981, 63
1982, 63
1983, 63
1984, 63
1985, 63
1986, 63
1987, 63
1988, 63
1989, 63
1990, 63
1991, 63
1992, 63
1993, 63
1994, 63
1995, 63
1996, 63
1997, 63
1998, 63
1999, 63
2000, 63
2001, 63
2002, 63
2003, 63
2004, 63
2005, 63
2006, 63
2007, 63
2008, 63
2009, 63
2010, 63
2011, 63
2012, 63
2013, 63
2014, 63
2015, 63
2016, 63
2017, 63
2018, 63
2019, 63
2020, 63
2021, 63
2022, 63
2023, 63
2024, 63
2025, 63
2026, 63
2027, 63
2028, 63
2029, 63
2030, 63
2031, 63
2032, 63
2033, 63
2034, 63
2035, 63
2036, 63
2037, 63
2038, 63
2039, 63
2040, 63
2041, 63
2042, 63
2043, 63
2044, 63
2045, 63
2046, 63
2047, 63
2048, 63
2049, 63
2050, 63
2051, 64
2052, 64
2053, 64
2054, 64
2055, 64
2056, 64
2057, 64
2058, 64
2059, 64
2060, 64
2061, 64
2062, 64
2063, 64
2064, 64
2065, 64
2066, 64
2067, 64
2068, 64
2069, 64
2070, 64
2071, 64
2072, 64
2073, 64
2074, 64
2075, 64
2076, 64
2077, 64
2078, 64
2079, 64
2080, 64
2081, 64
2082, 64
2083, 64
2084, 64
2085, 64
2086, 64
2087, 64
2088, 64
2089, 64
2090, 64
2091, 64
2092, 64
2093, 64
2094, 64
2095, 64
2096, 64
2097, 64
2098, 64
2099, 64
2100, 64
2101, 64
2102, 64
2103, 64
2104, 64
2105, 64
2106, 64
2107, 64
2108, 64
2109, 64
2110, 64
2111, 64
2112, 64
2113, 64
2114, 64
2115, 64
2116, 64
2117, 64
2118, 64
2119, 64
2120, 64
2121, 64
2122, 64
2123, 64
2124, 64
2125, 64
2126, 64
2127, 64
2128, 64
2129, 64
2130, 64
2131, 64
2132, 64
2133, 64
2134, 64
2135, 64
2136, 64
2137, 64
2138, 64
2139, 64
2140, 64
2141, 64
2142, 64
2143, 64
2144, 64
2145, 65
2146, 65
2147, 65
2148, 65
2149, 65
2150, 65
2151, 65
2152, 65
2153, 65
2154, 65
2155, 65
2156, 65
2157, 65
2158, 65
2159, 65
2160, 65
2161, 65
2162, 65
2163, 65
2164, 65
2165, 65
2166, 65
2167, 65
2168, 65
2169, 65
2170, 65
2171, 65
2172, 65
2173, 65
2174, 65
2175, 65
2176, 65
2177, 65
2178, 65
2179, 65
2180, 65
2181, 65
2182, 65
2183, 65
2184, 65
2185, 65
2186, 65
2187, 65
2188, 65
2189, 65
2190, 65
2191, 65
2192, 65
2193, 65
2194, 65
2195, 65
2196, 65
2197, 65
2198, 65
2199, 65
2200, 65
2201, 65
2202, 65
2203, 65
2204, 65
2205, 65
2206, 65
2207, 65
2208, 65
2209, 65
2210, 65
2211, 65
2212, 65
2213, 65
2214, 65
2215, 65
2216, 65
2217, 65
2218, 65
2219, 65
2220, 65
2221, 65
2222, 65
2223, 65
2224, 65
2225, 65
2226, 65
2227, 65
2228, 65
2229, 65
2230, 65
2231, 65
2232, 65
2233, 65
2234, 65
2235, 65
2236, 65
2237, 65
2238, 65
2239, 65
2240, 65
2241, 65
2242, 65
2243, 65
2244, 65
2245, 65
2246, 65
2247, 66
2248, 66
2249, 66
2250, 66
2251, 66
2252, 66
2253, 66
2254, 66
2255, 66
2256, 66
2257, 66
2258, 66
2259, 66
2260, 66
2261, 66
2262, 66
2263, 66
2264, 66
2265, 66
2266, 66
2267, 66
2268, 66
2269, 66
2270, 66
2271, 66
2272, 66
2273, 66
2274, 66
2275, 66
2276, 66
2277, 66
2278, 66
2279, 66
2280, 66
2281, 66
2282, 66
2283, 66
2284, 66
2285, 66
2286, 66
2287, 66
2288, 66
2289, 66
2290, 66
2291, 66
2292, 66
2293, 66
2294, 66
2295, 66
2296, 66
2297, 66
2298, 66
2299, 66
2300, 66
2301, 66
2302, 66
2303, 66
2304, 66
2305, 66
2306, 66
2307, 66
2308, 66
2309, 66
2310, 66
2311, 66
2312, 66
2313, 66
2314, 66
2315, 66
2316, 66
2317, 66
2318, 66
2319, 66
2320, 66
2321, 66
2322, 66
2323, 66
2324, 66
2325, 66
2326, 66
2327, 66
2328, 66
2329, 66
2330, 66
2331, 66
2332, 66
2333, 66
2334, 66
2335, 66
2336, 66
2337, 66
2338, 66
2339, 66
2340, 66
2341, 66
2342, 66
2343, 66
2344, 66
2345, 66
2346, 66
2347, 66
2348, 66
2349, 66
2350, 66
2351, 66
2352, 66
2353, 66
2354, 66
2355, 66
2356, 67
2357, 67
2358, 67
2359, 67
2360, 67
2361, 67
2362, 67
2363, 67
2364, 67
2365, 67
2366, 67
2367, 67
2368, 67
2369, 67
2370, 67
2371, 67
2372, 67
2373, 67
2374, 67
2375, 67
2376, 67
2377, 67
2378, 67
2379, 67
2380, 67
2381, 67
2382, 67
2383, 67
2384, 67
2385, 67
2386, 67
2387, 67
2388, 67
2389, 67
2390, 67
2391, 67
2392, 67
2393, 67
2394, 67
2395, 67
2396, 67
2397, 67
2398, 67
2399, 67
2400, 67
2401, 67
2402, 67
2403, 67
2404, 67
2405, 67
2406, 67
2407, 67
2408, 67
2409, 67
2410, 67
2411, 67
2412, 67
2413, 67
2414, 67
2415, 67
2416, 67
2417, 67
2418, 67
2419, 67
2420, 67
2421, 67
2422, 67
2423, 67
2424, 67
2425, 67
2426, 67
2427, 67
2428, 67
2429, 67
2430, 67
2431, 67
2432, 67
2433, 67
2434, 67
2435, 67
2436, 67
2437, 67
2438, 67
2439, 67
2440, 67
2441, 67
2442, 67
2443, 67
2444, 67
2445, 67
2446, 67
2447, 67
2448, 67
2449, 67
